all_flow_lemon,tcp,flow_num,
0,0,0,
0,0,0,
22,0,0,
13,0,0,
27,0,0,
9,0,0,
6,0,0,
5,0,0,
4,0,0,
4,0,0,
3,0,0,
3,0,0,
72571,58923,804,
262275,210067,1314,
232435,194518,1153,
197914,158790,1067,
195010,165020,1123,
202106,169265,1156,
207969,170883,1167,
206478,174925,1163,
207983,178754,1111,
207354,173993,1079,
206718,175321,1084,
208611,171803,1076,
208646,172984,1128,
203104,168328,1064,
232763,197194,1083,
235488,202654,1154,
232772,196929,1091,
235654,201772,1171,
219160,187729,1056,
230849,203018,1028,
232969,205493,1010,
232189,204365,1106,
234168,202831,1061,
207865,176964,1007,
210167,179012,1061,
220842,191090,1100,
232874,201866,1084,
211298,181766,1050,
213300,175147,1061,
231190,195461,1132,
231760,198038,1101,
232057,197214,1064,
233836,199799,1108,
228407,195410,1089,
209633,179323,1028,
216327,182320,1096,
218068,187190,1072,
194009,166363,1056,
258797,215004,1188,
269085,226590,1145,
270439,231546,1196,
271072,236881,1200,
269867,230378,1231,
270373,228591,1304,
268058,231086,1168,
269826,230480,1199,
269755,221698,1181,
270422,234280,1216,
269450,230021,1103,
270864,229952,1093,
271060,227560,1184,
269569,218986,1265,
204501,157195,1188,
193749,149712,1152,
190906,152129,1225,
191154,153023,1215,
177542,142766,1134,
178955,151909,1079,
178940,147972,1108,
180040,146044,1067,
232431,184452,1292,
268894,216310,1298,
268436,230282,1240,
269416,227510,1198,
269020,229022,1256,
265761,220755,1188,
269903,221927,1287,
264863,226002,1277,
268370,229557,1232,
268900,231765,1175,
269739,232773,1192,
268415,232053,1149,
267673,222478,1249,
269029,222966,1193,
266339,221273,1200,
268286,228199,1260,
269311,228725,1214,
267998,225899,1217,
268205,219869,1226,
265503,204126,1352,
268267,200249,1369,
267105,208850,1435,
213333,173188,1218,
190563,155365,1086,
193764,166000,1090,
202764,173919,1113,
201735,169427,1124,
201831,172273,1103,
186302,156906,1055,
182573,158551,1018,
222322,195496,1098,
266037,229466,1244,
264495,218904,1280,
264548,216186,1264,
265603,224436,1190,
219709,181231,1139,
215226,184548,1107,
191737,160519,1079,
199435,163370,1102,
203487,174063,1086,
203055,172554,1051,
203473,173865,1042,
201960,169384,1059,
213054,188568,1047,
223496,195836,1063,
202527,177323,1063,
202835,167945,1044,
200300,159976,1087,
222721,176158,1148,
202866,160585,1114,
208864,170596,1097,
230734,193969,1153,
203091,164346,1168,
261250,219609,1157,
264541,222388,1217,
265998,223650,1131,
262690,227446,1159,
203350,176934,1043,
203207,177285,988,
200996,175147,1005,
202176,180300,993,
201366,177824,940,
224391,190670,1064,
224142,192601,1081,
225430,184788,1085,
224146,182826,1134,
236580,199850,1135,
170756,148258,927,
198610,168563,1034,
200278,163035,1055,
197063,168251,933,
202605,173299,1004,
200376,169742,1021,
167392,143354,955,
170025,150331,947,
199420,171367,1010,
39894,32824,513,
154249,129673,976,
189254,151096,988,
194969,161245,1046,
198381,167029,1024,
197041,164699,1056,
117542,98106,810,
199848,170116,997,
199374,169051,1085,
187375,158332,933,
152872,130596,877,
191670,162629,1064,
195945,165192,1070,
202777,170381,1079,
174230,150516,944,
191116,164190,1042,
198131,170078,1050,
154914,132692,906,
182587,154956,1062,
198294,170959,1039,
177915,155905,1003,
201499,178529,1032,
262722,228385,1142,
201781,171398,1013,
261111,223826,1173,
214199,189785,1000,
261823,226247,1134,
225117,195944,1023,
260769,229650,1123,
260873,223061,1235,
218302,186146,1092,
238904,202607,1131,
238430,204759,1141,
260796,215682,1211,
244574,203703,1220,
233094,194829,1203,
243742,204170,1170,
260183,218948,1190,
258537,209410,1271,
238357,195910,1180,
168661,135965,1089,
182132,148317,1106,
192880,155748,1203,
191274,163788,1092,
193862,159600,1020,
190577,154389,1034,
182088,148108,1039,
190946,151984,1146,
161219,120699,1155,
186919,146697,1234,
197742,157948,1173,
184324,137861,1224,
195910,152453,1228,
184456,143239,1150,
176624,143597,1067,
189621,152802,1101,
140890,116455,1017,
197575,168481,1126,
189220,162419,1070,
189597,155271,1249,
192941,156235,1188,
173299,141029,1133,
163511,128671,1068,
197071,165001,1163,
195476,161675,1084,
198577,164827,1041,
188350,154354,1083,
194072,162271,1149,
183899,152488,1043,
172766,145698,967,
189691,158319,1122,
192162,162523,1070,
197390,166691,1064,
197344,166326,1061,
194716,164987,1033,
180291,156199,1006,
177652,148877,1065,
190378,158118,1136,
193500,162735,1130,
193953,170355,991,
199024,174684,1000,
182974,160705,950,
147654,130786,902,
197265,170572,932,
193026,168918,1020,
197604,176216,1007,
197369,177886,962,
200189,177890,995,
195429,165751,1049,
191967,164191,948,
193504,169708,986,
188821,168615,896,
153766,135347,802,
186995,167875,938,
196168,174177,965,
187338,160737,962,
192818,172268,981,
177473,157319,899,
197689,169070,1028,
193375,169542,962,
177171,153124,932,
191091,164522,943,
182771,157130,961,
186932,157642,1046,
179165,150284,1114,
173474,142584,1073,
177434,144479,1133,
171564,138755,1049,
192036,157278,1120,
201591,160514,1160,
183375,148165,1070,
190279,151727,1169,
186262,153738,1048,
195910,165572,1101,
197277,158796,1150,
190244,141578,1079,
198197,163445,947,
190120,163238,1067,
182957,150424,1032,
193566,150126,1078,
177395,147340,1039,
196807,169660,979,
193968,169592,986,
193965,171118,997,
197557,170712,1037,
192820,168052,1002,
198639,174590,1014,
194825,160134,986,
193828,170134,1002,
197699,173210,1049,
191042,154499,1066,
197577,168270,1095,
206782,177857,1106,
236820,194812,1163,
257132,220534,1104,
242701,202710,1193,
237005,195899,1260,
248135,201488,1254,
249165,212213,1156,
253756,217564,1177,
247250,211648,1129,
239083,202518,1202,
256623,209038,1238,
258138,207809,1265,
246218,191080,1226,
244808,200311,1241,
257474,217390,1220,
253256,216849,1191,
219210,191241,1116,
238165,205090,1041,
246180,216327,1010,
258247,222413,1084,
251943,209217,1151,
249022,206625,1200,
256925,219252,1133,
251214,212924,1098,
243577,208219,1091,
252934,219722,1078,
252998,218383,1083,
241090,204590,1106,
241788,205282,1169,
251439,211444,1211,
248306,203550,1237,
248574,196520,1259,
200167,155367,1010,
246471,206013,1250,
255582,204542,1232,
248895,202794,1275,
253497,209756,1113,
233695,192053,1155,
241304,196659,1200,
253208,207600,1269,
249842,204003,1252,
251153,204355,1229,
236377,189117,1196,
251755,207901,1160,
256772,220405,1216,
248714,212133,1234,
241872,203943,1188,
196719,167430,1065,
198169,165715,1117,
209238,179856,1080,
193625,165118,981,
191277,165596,1016,
166889,140733,903,
196580,156957,1069,
194178,156351,1098,
194755,160609,1055,
188698,149107,1135,
179495,146948,1068,
184872,156096,1017,
191054,153061,1090,
185428,152443,1154,
191599,158556,1086,
185779,158481,1128,
187427,157567,1016,
201750,166712,1091,
202072,165576,1079,
196591,166392,1060,
185974,156583,1009,
188716,162499,1000,
184778,150448,1149,
191359,156049,1113,
174360,141444,1077,
185671,152737,1142,
176242,146860,1011,
193288,163006,1051,
188199,154254,1080,
184940,151537,987,
188793,154057,1083,
187992,154286,1061,
183588,152364,1037,
181782,146123,1009,
188560,156256,1054,
190370,155545,992,
192814,162813,997,
192245,162466,1013,
193660,162227,959,
193920,156734,1005,
187012,160293,974,
184126,160441,923,
177174,154008,899,
193801,172386,928,
179732,159494,896,
168709,147302,976,
186363,156360,988,
201288,165688,1017,
201468,169399,1042,
190041,160513,979,
188658,157447,1004,
187288,156184,1024,
190058,156516,992,
187679,153141,1033,
188849,152781,1055,
175736,141932,964,
189640,158630,995,
160265,133063,1015,
191553,157417,1077,
165398,135596,1097,
190181,159740,1041,
197823,166210,1101,
202068,172186,1057,
198785,165136,1058,
182273,150070,1072,
188470,149165,1164,
189434,152745,1131,
176703,136963,1155,
186598,138084,1133,
177301,133027,1040,
191322,147056,1104,
190400,159752,1124,
181583,151285,1076,
190964,159731,1049,
168499,139728,1041,
188633,154709,1122,
197389,167948,1070,
194551,159089,1026,
193864,157253,1039,
172176,143128,1020,
186333,156254,1040,
190846,159633,1040,
191745,160372,1073,
171945,142053,1018,
184572,148083,1023,
192621,150000,1092,
187559,153935,1106,
184273,155167,1105,
186480,153666,1069,
188562,147462,1124,
176056,135593,1082,
189611,143890,1096,
195007,163773,1065,
177077,145977,972,
179763,150328,1004,
184611,150494,1017,
189858,156381,1093,
186579,149874,1083,
185922,154408,1039,
178391,146372,1019,
173879,140942,1095,
187281,145538,1119,
188408,144980,1107,
184207,142111,1125,
166353,119176,1157,
189748,140238,1218,
198884,156021,1216,
201559,168776,1094,
180297,152333,1117,
174622,143566,1054,
160824,130130,1059,
186686,151362,1160,
184336,161668,1037,
178583,149486,1009,
188875,157575,1087,
187157,147248,1096,
178575,147023,1123,
180679,145708,1062,
183363,150276,1036,
186131,151349,1064,
187931,143913,1093,
186300,145208,1136,
191849,150575,1076,
191765,154880,1115,
191622,151555,1069,
189959,151753,1050,
171599,142050,923,
186664,152916,1035,
188944,144971,1116,
182119,144646,1099,
189819,159291,1053,
180558,144108,1131,
183656,146071,1106,
228112,182431,1218,
195603,157166,1166,
177049,140049,1138,
164708,130210,1110,
166837,128305,1140,
164977,129166,1100,
150327,112116,1086,
167745,126902,1192,
159763,133394,1068,
186782,152518,1154,
163250,133854,1044,
179995,143736,1091,
189869,157477,1121,
185963,155498,1129,
188386,156766,1111,
184322,159727,1034,
182402,157143,1011,
186581,151946,1094,
187483,153748,1090,
181344,140172,1185,
178248,133558,1224,
184479,144600,1250,
186311,155007,1080,
183228,151174,1079,
182671,147843,1134,
185178,155720,1149,
162211,134378,1027,
129175,106153,903,
170963,137356,1144,
175717,134764,1123,
181196,148718,1068,
179501,145104,1029,
196438,157265,1037,
196420,168940,1096,
176191,150788,1052,
89382,75238,724,
0,0,0,
0,0,0,
0,0,0,
0,0,0,
0,0,0,
0,0,0,
0,0,0,
0,0,0,
2,0,0,
1,0,0,
1,0,0,
0,0,0,
0,0,0,
0,0,0,
0,0,0,
0,0,0,
0,0,0,
0,0,0,
0,0,0,
0,0,0,
0,0,0,
0,0,0,
0,0,0,
0,0,0,
0,0,0,
0,0,0,
0,0,0,
0,0,0,
0,0,0,
0,0,0,
0,0,0,
0,0,0,
0,0,0,
0,0,0,
0,0,0,
0,0,0,
0,0,0,
0,0,0,
0,0,0,
0,0,0,
0,0,0,
0,0,0,
0,0,0,
0,0,0,
0,0,0,
0,0,0,
0,0,0,
0,0,0,
0,0,0,
0,0,0,
0,0,0,
0,0,0,
0,0,0,
0,0,0,
0,0,0,
0,0,0,
0,0,0,
0,0,0,
1,0,0,
1,0,0,
1,0,0,
1,0,0,
1,0,0,
1,0,0,
1,0,0,
1,0,0,
1,0,0,
1,0,0,
1,0,0,
1,0,0,
0,0,0,
0,0,0,
0,0,0,
0,0,0,
0,0,0,
0,0,0,
0,0,0,
0,0,0,
0,0,0,
0,0,0,
0,0,0,
0,0,0,
0,0,0,
0,0,0,
0,0,0,
0,0,0,
0,0,0,
0,0,0,
0,0,0,
0,0,0,
0,0,0,
0,0,0,
0,0,0,
0,0,0,
0,0,0,
0,0,0,
0,0,0,
0,0,0,
0,0,0,
0,0,0,
0,0,0,
0,0,0,
0,0,0,
0,0,0,
