all_flow_lemon,
0,0,0,
3,0,0,
18,0,0,
28,0,0,
10,0,0,
7,0,0,
6,0,0,
4,0,0,
3,0,0,
3,0,0,
2,0,0,
161462,40095,4,
211104,50957,5,
215534,50973,5,
279492,112883,9,
278919,130550,11,
283191,148243,12,
286556,141273,10,
284522,170650,12,
281075,137249,11,
284602,90269,9,
282412,141153,10,
276079,123730,9,
283317,124674,10,
277393,122154,10,
280038,127813,10,
243153,89995,7,
224027,72562,7,
221108,155117,12,
220821,62940,6,
220611,111755,8,
219856,85753,6,
208545,90187,6,
191198,136786,11,
197789,89455,7,
198638,83313,6,
195543,58447,4,
194188,70032,7,
198500,63285,6,
195529,30149,3,
203397,50142,5,
187615,20406,2,
196092,50467,4,
195467,35290,3,
197656,41744,4,
198518,74897,7,
195085,10560,1,
196334,21174,2,
200813,21299,2,
197152,10002,1,
208201,10008,1,
200152,21072,2,
200222,20012,2,
190795,20004,2,
191338,54125,5,
199366,24749,2,
195379,72879,6,
199607,84392,7,
198880,75895,6,
199530,22506,2,
197436,10002,1,
197489,22199,2,
183390,10252,1,
206461,20032,2,
204594,0,0,
194412,0,0,
196851,42685,4,
187309,0,0,
193966,0,0,
193684,10002,1,
199006,22122,2,
193790,12813,1,
215286,13101,1,
227705,16422,1,
217230,45504,4,
210212,59820,5,
221284,46341,4,
217370,56987,5,
217652,31939,3,
204236,53926,5,
197204,46160,4,
196938,10002,1,
195528,10028,1,
196393,50483,5,
190804,43254,4,
188331,33994,3,
197251,10006,1,
190964,11999,1,
213938,64971,6,
215725,41422,4,
209721,51998,5,
192968,42793,4,
173413,51663,5,
194156,10046,1,
195704,61432,6,
192866,20022,2,
197304,63713,6,
196150,10004,1,
193199,10004,1,
199803,10002,1,
216411,60918,6,
212854,10006,1,
204019,96491,9,
202392,22304,2,
197488,51590,5,
194051,92399,9,
196078,117539,11,
200379,65619,6,
204359,10020,1,
197591,0,0,
201459,30008,3,
199963,30014,3,
202281,20240,2,
203650,40864,4,
202590,43969,4,
191081,38775,3,
193839,23146,2,
196153,20335,2,
201330,56334,5,
204316,60669,6,
209214,97324,8,
206287,51516,4,
203742,62859,5,
192816,30014,3,
203849,58678,5,
221640,52008,5,
208703,72204,7,
193398,40054,4,
208030,56547,4,
206505,58268,5,
204910,41658,4,
198051,20182,2,
205343,65852,5,
212571,31128,3,
207698,75630,6,
200502,92812,7,
206465,57320,4,
204782,60256,5,
197240,76471,7,
203635,95509,8,
203816,99141,9,
187847,58462,5,
194702,40970,4,
202437,71888,6,
188151,13403,1,
186598,20809,2,
185820,24357,2,
190399,20008,2,
191429,10012,1,
191021,34320,3,
192236,0,0,
165125,50699,5,
212964,31567,3,
203127,94257,8,
202228,82303,7,
198206,25170,2,
201928,68631,5,
206180,68528,6,
207675,60128,6,
202036,30056,3,
201743,40010,4,
203938,40083,4,
192535,60645,5,
204602,53473,5,
203415,68525,6,
202764,58487,5,
196617,30636,3,
195573,91765,8,
198796,51038,5,
202994,31214,3,
162587,20014,2,
161606,63115,6,
184908,59996,5,
190574,84109,8,
200313,51599,5,
202677,41341,3,
185635,50160,5,
197090,70580,7,
188300,21321,2,
189541,10016,1,
193711,61383,6,
194126,38159,3,
197781,24974,2,
192596,0,0,
197728,47122,4,
199337,50428,5,
192016,63543,6,
195363,20016,2,
194840,24562,2,
198605,10002,1,
196313,10018,1,
194884,88188,8,
194894,20020,2,
191130,44400,4,
196196,67382,6,
197187,30383,3,
204746,30406,3,
190858,33830,3,
193582,20010,2,
193889,40443,4,
194794,70074,7,
201957,45477,4,
203908,77379,7,
178914,20024,2,
187666,30036,3,
199866,33760,3,
194754,46058,4,
197119,20036,2,
200204,63646,6,
191706,10006,1,
197944,0,0,
195931,30028,3,
205526,30034,3,
186199,20070,2,
195365,63301,6,
204566,50210,5,
201475,30082,3,
198975,42454,4,
192485,73451,7,
200533,109519,10,
202518,71241,7,
192465,90666,7,
194523,89165,7,
176646,92568,8,
180484,47765,4,
181407,36507,2,
182083,90272,7,
189948,102997,8,
190555,67478,6,
187067,98835,9,
187966,50761,4,
178505,60895,5,
180280,49404,4,
186691,87916,7,
187704,60533,6,
188900,71527,6,
172953,58619,5,
191540,59725,5,
276545,118323,9,
263732,132984,9,
247732,84110,7,
266366,40119,4,
222275,20786,2,
179793,30044,3,
184518,21002,2,
182112,34304,3,
135430,20352,2,
186241,31846,3,
184311,23621,2,
225193,30040,3,
218632,65787,5,
189993,60917,5,
201791,94106,7,
196329,66104,5,
192089,61629,5,
189320,84652,7,
186559,50559,4,
194253,55528,5,
189711,71484,6,
184624,65699,5,
197511,78336,6,
191927,61234,4,
186948,71654,5,
184319,73702,6,
186231,68361,5,
194366,56252,5,
192537,93106,8,
199392,88346,7,
200304,109420,9,
203122,48069,3,
193406,40316,4,
202808,78291,7,
184400,20014,2,
178921,58216,4,
186600,38742,3,
190993,29487,2,
189731,66095,5,
198511,71765,7,
202724,93231,6,
183783,84987,6,
188167,104405,9,
184045,80243,6,
195246,93966,7,
194123,94947,7,
196561,84471,6,
183807,78663,6,
182303,45400,3,
185945,75223,6,
197674,77672,6,
183401,126409,12,
194816,57870,5,
189205,10002,1,
191286,0,0,
193364,32689,3,
168870,57319,5,
191131,58775,5,
185307,69571,6,
195367,40373,3,
192377,65372,5,
191621,21235,2,
194547,30014,3,
182260,22798,2,
193300,56602,5,
203331,57287,5,
204353,107474,9,
191441,95523,6,
195859,106235,6,
196870,140200,9,
190607,97370,7,
197383,123129,9,
192975,82053,5,
201848,94129,8,
191717,131180,11,
179488,110079,7,
182135,118828,8,
171120,50630,5,
186768,112337,11,
195595,114738,9,
194044,118711,9,
191693,83726,7,
190286,71127,6,
199887,60851,5,
205014,50879,4,
205294,50571,4,
189751,44938,4,
195859,35185,3,
197325,20010,2,
190591,36850,3,
193009,84648,7,
178523,22681,2,
181533,32214,3,
181180,20720,2,
180631,10006,1,
170893,20014,2,
179888,40026,4,
182918,31039,3,
178499,42631,4,
188330,44977,4,
184173,74868,7,
188753,10002,1,
193242,30034,3,
169726,34026,3,
188797,24148,2,
190499,30278,3,
180499,0,0,
145628,52188,4,
171119,46859,3,
185388,42844,3,
163448,69302,5,
186562,30158,2,
200831,52669,4,
180176,43525,4,
192098,50032,5,
182684,71143,6,
186431,47602,3,
158790,10002,1,
202446,48715,4,
196728,40016,4,
171318,10043,1,
204879,58891,4,
193341,39182,2,
192707,62092,4,
158303,20004,2,
190011,10004,1,
157959,30006,3,
191456,20070,2,
160650,52516,4,
190197,55157,5,
181822,50130,5,
167727,63590,4,
186093,62539,4,
192689,125260,10,
153659,30028,3,
191102,48642,3,
157316,30325,3,
174522,48435,3,
182803,49487,4,
175624,21025,2,
179208,62297,5,
179954,75565,6,
183107,54622,4,
183243,71596,6,
178836,40959,4,
167979,64903,6,
179758,59798,5,
168425,30405,3,
180454,35369,3,
172542,44991,4,
178595,44479,4,
178637,40328,4,
185973,60589,6,
189536,30160,3,
188731,61974,6,
193991,69411,6,
179370,87794,7,
181648,67593,6,
172447,65799,5,
182558,50032,5,
184483,79629,6,
182477,40040,4,
183089,41467,4,
153479,111885,10,
182434,44588,4,
181357,64919,6,
182257,63614,5,
178500,96048,7,
175545,51404,5,
176106,30018,3,
179011,65560,5,
165507,53447,4,
174166,96223,9,
189216,52272,5,
195129,61713,4,
175864,77597,6,
143720,21349,2,
179636,72473,5,
187698,54697,5,
175940,40226,4,
176684,62107,5,
180412,30062,3,
177809,30045,3,
180677,20014,2,
182258,42630,4,
175057,52702,5,
188507,69605,6,
168473,30086,3,
180135,30028,3,
187947,104991,9,
197509,65104,6,
195742,50030,5,
184139,31733,3,
167060,30032,3,
177264,66735,6,
182623,40372,4,
188233,63348,6,
196832,49294,4,
196985,40282,4,
196275,94606,8,
201866,24518,2,
195552,47418,4,
197230,83996,8,
200724,0,0,
177672,33801,3,
185344,23627,2,
190098,32985,3,
167795,10002,1,
187342,41283,4,
183843,40008,4,
187198,40618,4,
223648,70775,6,
223026,27761,2,
184590,0,0,
178139,0,0,
185383,20008,2,
185251,41468,4,
187033,10002,1,
193830,26855,2,
196200,30869,3,
180753,30026,3,
186570,10004,1,
189936,20062,2,
193930,30064,3,
194563,52729,5,
197836,20078,2,
183689,10012,1,
167019,40034,4,
173410,10028,1,
178386,64169,5,
173249,40114,4,
176206,30150,3,
174539,59015,5,
168823,30138,3,
169606,31123,3,
170344,30138,3,
185703,54395,5,
173981,47826,4,
185511,40238,4,
139581,20012,2,
0,0,0,
0,0,0,
0,0,0,
0,0,0,
0,0,0,
0,0,0,
0,0,0,
0,0,0,
0,0,0,
0,0,0,
0,0,0,
0,0,0,
0,0,0,
0,0,0,
0,0,0,
0,0,0,
0,0,0,
0,0,0,
0,0,0,
0,0,0,
0,0,0,
0,0,0,
0,0,0,
0,0,0,
0,0,0,
0,0,0,
0,0,0,
0,0,0,
0,0,0,
0,0,0,
0,0,0,
0,0,0,
0,0,0,
0,0,0,
0,0,0,
0,0,0,
0,0,0,
0,0,0,
0,0,0,
0,0,0,
0,0,0,
0,0,0,
0,0,0,
0,0,0,
0,0,0,
0,0,0,
0,0,0,
0,0,0,
0,0,0,
0,0,0,
0,0,0,
0,0,0,
0,0,0,
0,0,0,
0,0,0,
1,0,0,
1,0,0,
1,0,0,
1,0,0,
1,0,0,
1,0,0,
1,0,0,
1,0,0,
1,0,0,
1,0,0,
0,0,0,
0,0,0,
0,0,0,
0,0,0,
0,0,0,
0,0,0,
0,0,0,
0,0,0,
0,0,0,
0,0,0,
0,0,0,
0,0,0,
0,0,0,
0,0,0,
0,0,0,
0,0,0,
0,0,0,
0,0,0,
0,0,0,
0,0,0,
0,0,0,
0,0,0,
0,0,0,
0,0,0,
0,0,0,
0,0,0,
0,0,0,
0,0,0,
0,0,0,
0,0,0,
0,0,0,
0,0,0,
0,0,0,
0,0,0,
0,0,0,
0,0,0,
0,0,0,
0,0,0,
0,0,0,
0,0,0,
0,0,0,
0,0,0,
0,0,0,
0,0,0,
0,0,0,
0,0,0,
0,0,0,
0,0,0,
0,0,0,
0,0,0,
0,0,0,
0,0,0,
0,0,0,
0,0,0,
0,0,0,
0,0,0,
0,0,0,
