all_flow_lemon,tcp,
0,0,0,0,
6,2,0,0,
16,0,0,0,
29,0,0,0,
13,0,0,0,
7,0,0,0,
117105,95513,0,0,
214903,171621,50180,5,
215773,181563,51708,5,
216153,174466,121430,11,
200283,168863,83838,7,
192834,159700,97523,9,
200082,167634,102997,9,
208151,177119,86639,7,
201373,170063,95562,7,
208174,177373,127863,10,
203564,172136,54542,3,
208400,170541,40481,4,
206297,171137,72401,6,
207634,176910,84940,6,
208951,180081,106739,8,
209196,176942,139226,11,
209157,178623,65875,6,
206770,176704,58501,5,
205882,182530,146761,12,
208340,184160,79920,7,
206958,181706,54687,4,
208160,179786,60990,6,
210081,179087,142752,11,
206587,175977,51447,5,
210566,182181,109266,8,
209893,181765,83828,6,
206814,176518,90325,6,
206514,173243,141347,11,
207458,175872,78876,6,
208836,179099,116495,9,
204945,174705,60007,4,
196642,168050,60018,6,
198625,169584,74810,7,
197603,169035,50255,5,
200387,168555,40153,4,
197831,169885,10006,1,
198625,170087,58691,5,
201477,167341,23697,2,
197286,166477,52348,5,
215067,179962,44277,4,
197003,173179,21436,2,
197605,172760,10002,1,
194218,165401,20088,2,
198246,165553,40018,4,
198373,173834,10002,1,
200059,171364,41309,4,
194193,165546,10004,1,
195885,159860,0,0,
195503,170881,62956,6,
194901,163756,23992,2,
195752,168794,72163,6,
195307,164778,63696,5,
197844,167298,73507,6,
195089,158920,11991,1,
195966,153610,10002,1,
191554,146924,31340,3,
196862,154950,10228,1,
195395,156521,20026,2,
195260,157378,0,0,
195643,166090,0,0,
195590,163722,21672,2,
192605,149443,0,0,
192013,154855,10002,1,
191685,155927,0,0,
192659,164734,11476,1,
193751,161470,13418,1,
193823,164573,20748,2,
192234,162763,13653,1,
191909,160915,13787,1,
194493,157922,63149,6,
196386,165779,34334,3,
193187,166458,42841,4,
195236,169653,43684,4,
192417,165552,51559,5,
192833,166611,43347,4,
201165,174616,48345,4,
196730,168921,10002,1,
190686,155931,10002,1,
183847,153133,30037,3,
186350,153798,20533,2,
179256,151777,33205,3,
188254,160488,10006,1,
186522,158386,11835,1,
185233,154134,43227,4,
191446,159063,30361,3,
188828,146901,40550,4,
180457,140012,31220,3,
182586,137735,52997,5,
179459,137900,0,0,
186792,150542,20306,2,
182517,149657,60469,6,
188878,155156,52014,5,
191632,165013,64927,6,
185162,156847,0,0,
198597,167607,10002,1,
215641,185835,54420,5,
276512,240933,62945,6,
272757,235655,93541,8,
282558,235249,105174,10,
262646,215864,101335,9,
269922,227865,163189,14,
276826,229484,71210,7,
276210,236616,65437,5,
276288,230655,101554,10,
265700,226771,80516,8,
270208,229590,89477,8,
143751,121331,20026,2,
254162,223116,84416,7,
268208,236686,46926,4,
265782,220259,71239,7,
264843,209859,50322,5,
254029,200687,97841,8,
267624,218998,76211,7,
260925,216093,89349,8,
245851,203593,75117,6,
217899,185475,51708,5,
195364,163069,60096,6,
203439,173591,40106,4,
197731,171396,55066,4,
212811,185836,58375,5,
205537,176707,41075,4,
191756,170994,20158,2,
207764,186260,66458,5,
202235,174689,30680,3,
180603,154289,60661,5,
206491,171301,81828,6,
211296,169954,70470,5,
188420,158578,39459,3,
198610,167331,70465,7,
207974,181067,93204,8,
206022,169411,83484,7,
199983,169589,59892,5,
192561,164406,30126,3,
186536,157906,51804,4,
186106,159759,10428,1,
187555,166267,20722,2,
193418,162688,36438,3,
198658,167021,10006,1,
189782,154407,20022,2,
190836,158253,45073,4,
186871,157972,0,0,
197380,163386,61493,6,
197794,168606,21180,2,
198655,169199,84027,7,
193740,161504,63201,5,
194405,166841,35288,3,
207211,175129,51753,4,
207996,175078,71815,6,
202286,173631,60118,6,
206646,177571,20052,2,
198653,170987,50037,5,
208180,176401,60259,6,
212850,185346,62594,5,
212325,185767,54050,5,
199894,173844,55185,5,
211811,182275,47742,4,
195222,171019,30941,3,
203577,174083,92164,8,
210570,185123,71227,7,
208952,180711,61143,6,
206087,180239,40029,4,
210905,185147,85073,7,
209918,179163,103233,9,
210850,179574,52115,5,
206120,173910,42710,3,
212323,184239,71792,7,
207184,169330,60873,6,
205370,170784,20036,2,
211150,180906,67283,6,
170913,137012,20018,2,
200229,169776,47148,4,
214454,180592,66339,6,
203490,163169,25391,2,
199331,164845,52280,5,
212213,171012,81887,8,
207641,169581,30036,3,
204234,170488,22163,2,
205298,171679,71972,7,
204354,164436,10010,1,
208796,170299,90820,8,
206221,160341,30040,3,
199369,150657,55202,5,
198304,158985,47353,4,
202625,152333,30090,3,
204652,160175,30562,3,
180525,141204,24586,2,
201498,160998,20010,2,
198122,163189,50178,5,
205619,175048,72190,7,
211661,180878,66554,6,
255578,210475,94003,8,
200197,161323,32755,3,
177541,140437,30579,3,
193833,161172,20028,2,
189468,159003,36843,3,
191065,156699,10024,1,
193042,160132,42468,4,
176934,144990,10004,1,
164329,139567,0,0,
194401,162934,30028,3,
194311,164156,30034,3,
194417,164938,20062,2,
185062,155373,52118,5,
192596,163481,40415,4,
194619,168024,20078,2,
182812,152139,41137,4,
192391,160113,54013,5,
191595,164866,54836,5,
191926,168356,62732,6,
195899,171721,52522,5,
208186,183848,91212,7,
201830,174360,128162,11,
199870,175218,90405,8,
199472,179321,38804,2,
190756,170977,91801,7,
202541,177250,92892,7,
204185,170976,62332,5,
204549,179265,100214,9,
203928,181531,43820,3,
197255,176275,70649,6,
206494,182724,75658,6,
214696,186381,70511,7,
197404,174867,64872,5,
207500,184119,63949,5,
197705,170169,61033,5,
200595,173221,55509,5,
190902,166473,89960,7,
198827,171667,113191,9,
199183,169547,57900,5,
195655,163403,20024,2,
198305,163025,20699,2,
202265,162467,20028,2,
195551,160361,10014,1,
203346,162119,20032,2,
206460,167302,20596,2,
209192,167272,35075,3,
202549,168908,46798,4,
187098,151675,63465,5,
194742,152574,34630,2,
185430,140507,76716,6,
190170,165982,90270,7,
194443,160909,54865,4,
192109,148573,72150,6,
186676,155526,83618,7,
185285,160954,59126,5,
191547,168315,58455,5,
241799,212924,118521,10,
260512,224978,127660,10,
255111,217985,83824,5,
247024,212902,102583,7,
261393,224077,85254,8,
248516,207684,79784,7,
258210,220842,121952,10,
242132,199609,115811,9,
240765,207006,84063,6,
172255,145287,40070,4,
194853,160907,63791,5,
187555,151991,31554,3,
192268,160516,82110,6,
196142,169061,72020,6,
196655,167948,49131,4,
190399,164250,55431,4,
193733,164346,44906,4,
194785,160354,92228,6,
175855,140395,86080,6,
187374,145511,62931,5,
180661,144660,67588,5,
194297,160111,82243,6,
197186,168803,41461,4,
193709,162931,67158,5,
191751,168776,91128,7,
192030,163758,57210,4,
198381,173251,69659,5,
202476,175859,88341,7,
187630,160534,110049,10,
190796,157016,23864,2,
195255,162604,10002,1,
200680,171003,0,0,
196122,165426,32982,3,
201305,171643,72475,6,
200213,170577,70837,6,
182489,159895,58068,5,
176585,152779,47105,4,
192849,162863,63648,5,
201289,171403,37205,3,
200263,171537,30016,3,
186928,153741,33766,3,
181726,148022,90202,8,
182475,147340,35242,3,
186011,142161,95430,8,
180217,150581,101051,7,
180528,146585,109628,7,
185239,148042,144062,10,
190049,154572,91848,6,
188313,158600,141645,11,
185910,152020,115272,8,
181811,149201,94475,8,
180828,146872,126119,11,
194171,157707,108429,7,
181193,150242,124629,8,
184928,149677,90244,7,
187457,149160,113027,10,
184327,151561,112072,9,
186398,159306,116617,9,
182969,157890,109996,9,
182855,154878,91290,8,
185144,155704,89617,8,
134833,113920,13843,1,
183070,153601,50240,4,
181270,154183,38571,3,
183255,157282,23404,2,
185379,160645,34345,3,
261942,219414,53957,5,
254510,204113,86704,7,
256387,211489,115781,10,
250242,198529,57516,5,
226858,192528,34018,3,
243044,196330,30034,3,
242098,197944,53464,5,
249274,209455,89549,8,
237476,196994,51025,5,
240320,198129,90962,8,
212526,179163,10004,1,
204103,173226,44129,4,
196289,168133,36511,3,
184724,146955,32080,3,
186118,150874,22510,2,
180452,146989,20004,2,
184728,155253,75946,5,
183236,153756,50690,3,
177245,145012,82637,6,
178588,148531,10008,1,
178769,145158,40042,4,
178005,146199,20018,2,
161660,134994,20006,2,
180406,144738,40032,4,
178369,148022,20052,2,
178622,147013,20004,2,
178861,150954,50856,5,
179989,153063,30026,3,
183412,150871,33099,2,
178033,146201,57402,4,
182020,155708,24783,1,
183114,160434,47737,3,
186458,163311,51351,3,
180427,159551,50693,3,
188359,166677,45542,3,
178600,151756,30022,3,
194926,162353,34509,3,
187745,156210,50127,5,
185494,156704,44010,3,
184295,154110,64633,6,
169807,141798,62956,4,
183651,151610,55229,5,
188433,154157,64185,5,
175299,140433,51779,3,
188689,151065,30935,3,
177531,151166,75497,5,
170125,141306,30812,3,
193900,158403,41314,4,
190960,159073,80695,7,
187611,157998,65655,5,
193585,163918,57259,4,
186149,154854,72109,6,
181982,149668,44320,4,
171473,135565,64775,6,
183096,146567,59424,5,
186961,142737,41515,4,
180669,133686,44659,4,
189391,143480,66086,6,
190614,154308,54144,5,
183761,152634,10126,1,
194158,165677,54238,5,
193019,158403,33218,3,
187508,153698,30220,3,
183377,156090,60156,6,
180750,145876,77977,6,
185085,150638,50048,5,
182350,151732,50241,4,
175337,148637,30900,3,
188134,157303,84238,8,
187577,154179,45900,3,
174271,143650,93969,8,
163081,129326,40691,4,
178431,142231,20216,2,
192590,162219,107362,10,
217281,178707,74253,6,
242629,187713,110151,10,
228876,176002,70324,7,
252129,208709,88312,6,
253070,208924,115518,10,
256571,210787,114544,9,
235677,192524,80531,5,
246981,202968,58769,5,
235870,193852,60777,4,
243705,191291,60360,6,
251191,194177,105119,9,
238934,175564,71192,7,
238439,176469,64341,6,
239562,195706,68827,6,
247329,208913,146239,13,
221883,182657,60221,6,
241953,194979,75163,7,
251272,216491,116332,10,
248185,209282,103389,10,
207693,164157,41413,4,
171266,138188,30524,3,
169889,138880,37776,3,
183469,150721,60594,6,
189239,152920,54237,5,
166308,123983,46609,4,
193792,155429,50273,5,
189744,150328,83620,7,
182816,143226,24143,2,
175417,141806,40014,4,
181819,147771,30221,3,
182727,150336,30668,3,
181891,142021,10002,1,
189197,150476,10004,1,
178179,150631,22009,2,
180262,143987,10002,1,
188158,145167,34463,3,
189671,155795,40565,4,
184631,147505,20022,2,
182830,145086,57751,5,
175973,138847,45252,4,
181566,137602,43433,4,
176937,134431,30008,3,
176527,134098,16429,1,
178558,150851,20008,2,
184421,149981,41290,4,
189661,153368,10002,1,
192176,157009,26683,2,
175646,146013,30880,3,
182758,150001,50044,5,
187118,161867,10008,1,
184504,158680,20056,2,
189626,153094,20104,2,
171290,141157,54597,5,
189350,139128,60499,6,
177278,137790,40038,4,
176155,142895,50030,5,
177984,146635,43213,4,
188078,155977,54494,4,
184518,150735,52935,5,
186809,156247,30526,3,
185488,151615,51318,4,
170402,130855,40275,4,
182767,145134,32073,3,
187791,156143,33457,3,
195990,155317,31432,3,
184431,157445,55457,5,
189443,162613,46095,4,
82721,69588,0,0,
0,0,0,0,
0,0,0,0,
0,0,0,0,
0,0,0,0,
0,0,0,0,
0,0,0,0,
0,0,0,0,
0,0,0,0,
0,0,0,0,
0,0,0,0,
0,0,0,0,
0,0,0,0,
0,0,0,0,
0,0,0,0,
0,0,0,0,
0,0,0,0,
0,0,0,0,
0,0,0,0,
0,0,0,0,
0,0,0,0,
0,0,0,0,
0,0,0,0,
0,0,0,0,
0,0,0,0,
0,0,0,0,
0,0,0,0,
0,0,0,0,
0,0,0,0,
0,0,0,0,
0,0,0,0,
0,0,0,0,
0,0,0,0,
0,0,0,0,
0,0,0,0,
0,0,0,0,
0,0,0,0,
0,0,0,0,
0,0,0,0,
0,0,0,0,
0,0,0,0,
