all_flow_lemon,ipv4_flow,ipv6_flow,arp_flow,tcp_flow,udp_flow,icmp_flow,
0,0,0,0,0,0,0,
0,0,0,0,0,0,0,
22,13,6,3,0,17,0,
48,24,19,5,0,41,0,
65,29,27,9,0,58,0,
72,33,28,11,0,65,0,
79,35,31,13,0,72,0,
83,36,32,15,0,76,0,
85,36,32,17,0,78,0,
89,38,32,19,0,82,0,
93,38,34,21,0,86,0,
95,38,34,23,0,88,0,
97,38,34,25,0,90,0,
99,38,34,27,0,92,0,
100,38,34,28,0,93,0,
100,38,34,28,0,93,0,
102,40,34,28,0,95,0,
102,40,34,28,0,95,0,
104,40,36,28,0,97,0,
104,40,36,28,0,97,0,
104,40,36,28,0,97,0,
104,40,36,28,0,97,0,
104,40,36,28,0,97,0,
165371,151048,14809,116,135639,27810,3954,
362533,333029,29970,136,292523,63070,8562,
553692,512343,41771,152,452948,89399,12769,
746695,694678,52397,218,606702,124811,16154,
938694,873830,65153,238,768784,150590,20113,
1130331,1054191,76362,314,929613,177404,23901,
1331747,1242066,90002,334,1095335,208056,28755,
1544632,1442092,102857,358,1274286,236860,33696,
1763138,1648407,114975,440,1462080,262832,38051,
1968702,1838866,129963,472,1633962,292248,42005,
2170393,2025852,144552,556,1805357,318196,45863,
2372110,2220282,151861,580,1975870,345239,49479,
2573933,2415544,158378,606,2139154,379523,53499,
2774954,2611106,163719,680,2305776,409698,57331,
2976539,2806143,170183,692,2473717,438582,60975,
3177405,2996842,180492,704,2645112,464743,64549,
3381070,3182687,198350,778,2820281,489679,67947,
3581579,3360028,221494,784,2989516,517122,71341,
3784289,3549046,235177,798,3163531,542168,74560,
3985639,3739350,245970,862,3335077,568664,77511,
4187485,3929987,257274,874,3513875,587921,80814,
4393899,4124492,269192,884,3694867,610179,84063,
4610798,4330375,280093,960,3885460,632830,87313,
4823401,4530948,292105,972,4070381,656504,90888,
5025166,4715882,309000,984,4245181,679642,94299,
5227178,4896321,330392,1056,4415942,706949,97851,
5429764,5088288,341017,1072,4590690,731444,101053,
5631243,5280298,350406,1086,4763433,756274,104458,
5832066,5471017,360429,1158,4937285,779429,107886,
6033226,5664674,368010,1180,5110011,804349,111206,
6234099,5857291,376197,1190,5274415,836743,114803,
6435173,6044598,389868,1258,5444051,864120,118315,
6636907,6234701,401543,1278,5616497,889903,121745,
6838389,6424702,413043,1290,5786918,917391,124991,
7040329,6614329,425218,1352,5958947,942868,128832,
7240520,6801325,438489,1396,6131137,966810,132642,
7449329,6992884,455742,1418,6307797,994714,136454,
7665116,7192529,471718,1496,6492947,1021064,140150,
7873437,7382635,489944,1514,6668057,1049942,143947,
8071801,7559715,511256,1536,6838524,1073727,147628,
8268799,7734696,533111,1632,7007289,1097858,151129,
8460790,7908746,550957,1646,7165995,1126600,155086,
8656449,8090475,564876,1661,7329638,1154719,158677,
8845159,8266673,577317,1734,7488232,1181245,161846,
9025879,8436250,588370,1751,7642536,1204046,164914,
9223149,8620356,601466,1774,7815005,1225023,168163,
9413260,8798374,613638,1817,7980892,1245851,171470,
9594311,8967695,625314,1888,8135049,1268689,174960,
9776364,9137857,637246,1907,8286901,1294922,178608,
9958952,9309129,648390,1942,8444182,1316094,181673,
10126966,9467362,658165,1997,8588775,1336248,184500,
10306951,9634759,670671,2012,8743513,1357090,188096,
10480320,9795430,683413,2031,8890784,1379142,191549,
10652520,9951591,699499,2116,9029290,1409106,194997,
10797871,10085530,710689,2130,9155671,1425103,197617,
10977290,10250326,725403,2146,9310235,1446357,201017,
11153682,10412297,739664,2234,9457995,1471897,203714,
11328785,10576200,750920,2238,9608716,1493477,206393,
11493070,10728722,762586,2252,9747764,1515903,208785,
11646485,10867663,777086,2266,9877422,1536626,211602,
11811501,11018434,791303,2358,10016046,1559793,214591,
11985884,11180083,803977,2372,10157137,1588603,218679,
12157687,11339574,816246,2382,10294115,1618666,223002,
12339818,11507666,830144,2478,10429752,1660557,227534,
12514753,11666678,846124,2498,10568603,1691186,232380,
12678370,11813785,862557,2586,10699239,1719198,236895,
12838732,11963146,873543,2610,10827598,1746863,241077,
13023793,12137506,884186,2626,10976201,1778619,245398,
13185650,12290483,892990,2712,11112244,1800939,248648,
13368196,12461552,904477,2736,11264063,1827175,252877,
13525004,12608012,914674,2750,11396765,1847079,256421,
13708877,12780008,926684,2824,11538323,1884826,260831,
13835326,12898356,934122,2848,11637988,1905698,264265,
13948834,13002769,943151,2914,11729958,1923824,267329,
14081127,13125010,953737,2940,11836554,1947943,270544,
14251944,13283389,966119,2962,11984130,1967476,273832,
14430681,13448561,979670,2980,12134702,1991845,277547,
14585838,13591542,991826,3040,12265259,2012535,280979,
14757500,13749725,1005264,3050,12409796,2035386,284895,
14934299,13912036,1019730,3074,12561867,2055792,288869,
15115061,14077172,1035312,3148,12712172,2081819,292982,
15300735,14247206,1050950,3170,12860387,2114704,297252,
15496334,14426624,1067131,3234,13026191,2139604,301692,
15688273,14604619,1080935,3258,13190239,2163045,305840,
15854989,14758075,1094178,3278,13332171,2183927,309602,
16046145,14933565,1109834,3346,13497855,2205037,313559,
16240260,15112801,1124657,3366,13663931,2228841,317545,
16404031,15264349,1136893,3380,13806481,2246489,320672,
16592776,15437345,1152579,3442,13968682,2269466,323883,
16774813,15602693,1169348,3456,14125411,2291125,327422,
16964566,15774166,1187537,3474,14285431,2316641,331210,
17140006,15930310,1206708,3554,14429135,2344332,334960,
17332177,16101942,1227247,3576,14588254,2373360,338896,
17516286,16267599,1245695,3600,14739358,2401929,342691,
17710366,16444470,1262811,3682,14902813,2428142,346864,
17814751,16539443,1271616,3692,14991767,2439063,348989,
17971658,16683865,1284646,3712,15126212,2460026,352408,
18167769,16862294,1302292,3784,15292760,2485591,356043,
18336543,17016824,1316494,3796,15432082,2511596,358941,
18523528,17190616,1329708,3822,15588672,2537795,362756,
18711495,17365310,1342804,3906,15740122,2569801,366847,
18888775,17530841,1354645,3934,15877852,2604168,371565,
19079137,17707568,1368247,4012,16018906,2647531,376948,
19268035,17881291,1383318,4030,16161954,2686698,382850,
19413134,18012923,1396650,4112,16275743,2712952,387337,
19591305,18177580,1410183,4132,16419093,2742600,392099,
19739249,18311828,1423867,4150,16539222,2766569,395467,
19937372,18495710,1438059,4212,16701578,2797986,399344,
20128916,18674802,1450462,4226,16866269,2820314,403231,
20355615,18885999,1466160,4252,17059242,2850030,407705,
20582266,19096061,1482662,4336,17250320,2879760,413060,
20770401,19269112,1496933,4356,17410359,2900716,417009,
21013730,19497332,1512781,4430,17617658,2934975,421158,
21259536,19726894,1528908,4446,17833334,2960236,425600,
21503694,19954376,1545532,4538,18045540,2987336,430113,
21741658,20175781,1562030,4556,18242993,3022202,435324,
21968955,20387203,1577118,4634,18426281,3057514,440862,
22182669,20586958,1591826,4650,18606989,3087794,445985,
22416607,20803557,1608404,4686,18803041,3119492,450583,
22657151,21023569,1629617,4742,19002529,3154892,456473,
22870922,21216047,1650813,4770,19185855,3180344,460829,
23119932,21444245,1671578,4854,19390259,3220326,465264,
23373878,21668935,1700820,4882,19606433,3252836,470288,
23625704,21891682,1729912,4960,19820342,3284694,475722,
23865658,22103725,1757804,4990,20024298,3315226,480769,
24113583,22325030,1784393,5072,20234649,3348062,485075,
24354238,22539382,1810586,5086,20446453,3372179,489242,
24578025,22746938,1826673,5106,20643764,3393998,493252,
24831321,22981277,1845679,5188,20859414,3426821,497774,
25065643,23188537,1872107,5200,21045031,3468696,502983,
25267457,23358545,1904223,5284,21204821,3505480,508196,
25445040,23506889,1933497,5302,21343913,3538057,513503,
25626502,23663638,1958163,5316,21490436,3568728,517652,
25810297,23820973,1984501,5402,21643374,3595051,521763,
25993398,23976948,2011560,5430,21796307,3620692,525882,
26150351,24109596,2035957,5440,21923230,3646740,529741,
26312994,24247934,2060116,5500,22058283,3670739,532803,
26505056,24413021,2087144,5518,22223745,3693831,536160,
26695456,24574287,2116211,5534,22380621,3722822,540180,
26874399,24725990,2143508,5608,22530690,3747697,544003,
27062095,24886577,2170477,5626,22691336,3770521,547796,
27242124,25040263,2196810,5634,22847009,3790494,551666,
27421469,25190546,2225704,5704,23002924,3810114,555074,
27594575,25338508,2250903,5722,23154545,3828023,558367,
27745827,25467025,2273072,5730,23281714,3847390,560993,
27907870,25605970,2296775,5748,23427886,3861858,563955,
28082461,25755811,2321372,5822,23583974,3876993,566698,
28249627,25899472,2344763,5838,23729970,3894814,569802,
28422988,26051119,2366562,5858,23878401,3916038,573394,
28572975,26180341,2387361,5878,24006573,3935025,576196,
28743527,26328375,2409766,5940,24151019,3956389,579786,
28920546,26476950,2438306,5962,24295032,3984851,584274,
29111553,26639251,2466958,5988,24449493,4015802,589058,
29292676,26793226,2494104,6054,24602325,4039651,593198,
29478709,26952369,2520853,6072,24760644,4063162,597085,
29660770,27109562,2545112,6096,24917120,4082550,600662,
29844542,27268604,2570402,6170,25069362,4112147,604105,
30034081,27434099,2594377,6186,25227704,4139708,607418,
30222801,27598517,2618606,6202,25388746,4163664,610811,
30356695,27715988,2635055,6258,25502591,4180897,613419,
30523809,27859780,2658322,6270,25643805,4202906,616969,
30709397,28032406,2671408,6288,25801405,4227021,620415,
30897333,28210237,2681304,6368,25967691,4244756,623759,
31086822,28390119,2690874,6384,26130605,4267879,626948,
31266206,28558714,2701635,6404,26280882,4293317,630266,
31449788,28730377,2713526,6478,26431121,4323099,633731,
31639999,28906405,2727661,6490,26586813,4352951,637928,
31827317,29077416,2743958,6502,26742694,4379791,641867,
32001555,29238918,2756666,6600,26889780,4403128,645356,
32183890,29407488,2770324,6608,27040262,4430684,649450,
32373041,29585073,2781953,6622,27200317,4455824,653029,
32567659,29757242,2804321,6698,27365197,4481085,657031,
32794024,29954658,2833376,6722,27557608,4509411,662615,
33047365,30181563,2859801,6740,27773517,4541223,667863,
33290003,30398594,2885326,6836,27978139,4573702,672844,
33529481,30612735,2910544,6856,28178796,4606913,677886,
33782457,30840029,2936157,6930,28396655,4637025,682771,
34027517,31061042,2960324,6970,28607582,4665828,687963,
34280252,31289119,2984862,7078,28824144,4696838,692881,
34395407,31391377,2997703,7086,28920264,4712559,695376,
34546929,31522478,3018161,7112,29049584,4731682,698817,
34794922,31740274,3048263,7188,29265815,4759162,702895,
35044864,31963336,3075233,7216,29486587,4783930,707005,
35282314,32176359,3099477,7246,29693076,4810157,711425,
35525907,32395020,3124358,7338,29901368,4841041,715890,
35755834,32598372,3150761,7358,30097281,4869843,720510,
36001850,32820330,3174907,7390,30314471,4893804,724872,
36253039,33042281,3204068,7444,30530859,4923193,730023,
36491972,33254055,3231174,7456,30739017,4949579,734085,
36745086,33480161,3258196,7562,30961492,4975475,738403,
36974347,33680301,3287229,7588,31156994,5003382,743848,
37220965,33897829,3315832,7674,31366622,5033672,749630,
37429036,34082159,3339748,7702,31542050,5060523,755018,
37609289,34232813,3369380,7718,31698852,5079550,759009,
37792507,34387437,3397272,7800,31847515,5108691,763097,
37981745,34552572,3422030,7822,32006710,5135138,767616,
38181397,34729040,3445069,7838,32174643,5161800,771897,
38381671,34910423,3463977,7916,32344738,5187295,776187,
38575129,35084831,3482759,7936,32500649,5219204,780958,
38814086,35301008,3505846,8022,32704546,5249677,786517,
39054363,35521109,3525951,8056,32905434,5283061,792029,
39305446,35746945,3551137,8154,33107268,5326147,797903,
39554950,35974374,3573318,8190,33309816,5366609,804088,
39798610,36197688,3593405,8306,33507050,5406240,810304,
40033216,36417231,3608348,8364,33698122,5443321,816523,
40280811,36648700,3624402,8450,33907731,5475556,822002,
40487279,36837131,3642208,8498,34078790,5505791,826224,
40673466,37000394,3665061,8592,34228100,5538279,830417,
40859567,37174008,3677523,8616,34379442,5568441,834754,
41039541,37339621,3691771,8690,34517719,5603926,840528,
41223497,37505600,3709789,8718,34656255,5643010,846835,
41392460,37658157,3726029,8824,34789439,5672326,852513,
41573138,37822709,3742181,8848,34931848,5704876,858208,
41756313,37991136,3756821,8928,35068817,5743172,864882,
41935562,38152766,3774366,8962,35208689,5775059,870641,
42115349,38314404,3792538,9046,35348861,5808500,875145,
42289540,38471447,3809585,9062,35489334,5835941,879568,
42468576,38634001,3826026,9108,35634983,5863247,884121,
42651471,38795489,3847352,9168,35788036,5888123,888690,
42827149,38953937,3864617,9190,35937403,5910137,892762,
43001277,39113006,3879595,9272,36085969,5931356,896450,
43184407,39279722,3895926,9282,36235654,5959671,901207,
43394004,39472319,3913064,9382,36405568,5994511,906449,
43635221,39690281,3936324,9410,36601905,6032619,912907,
43885122,39914391,3962004,9506,36805136,6072708,919030,
44099337,40107191,3983237,9539,36981166,6105458,923783,
44288966,40272723,4007328,9552,37141103,6130830,927892,
44477394,40444930,4023298,9648,37292298,6163551,931899,
44662745,40616961,4036682,9672,37446693,6190240,936026,
44847501,40790034,4048347,9764,37599929,6217260,940358,
45020256,40948972,4061991,9784,37745859,6239251,944304,
45194769,41111949,4073559,9810,37891425,6264347,948295,
45370005,41271315,4089327,9898,38039015,6287847,952128,
45542846,41432427,4101182,9904,38184517,6311636,955553,
45691782,41569364,4112982,9934,38308692,6332772,958831,
45862722,41727665,4125577,10016,38454336,6354524,962134,
46036506,41888168,4138837,10038,38601806,6377161,965574,
46202725,42041209,4151996,10054,38745381,6396360,968893,
46369475,42196105,4163776,10134,38885148,6419573,972480,
46536303,42350055,4176598,10160,39022768,6444386,976454,
46692847,42494257,4188939,10176,39154387,6465459,980084,
46855622,42646366,4199519,10260,39295308,6483790,983412,
47034575,42814272,4210537,10272,39452719,6501901,986510,
47225895,42989335,4226836,10284,39619353,6523159,989617,
47403853,43153718,4240311,10340,39775272,6541949,992235,
47588985,43326326,4252867,10360,39938010,6561222,995095,
47771839,43499099,4262875,10371,40096104,6582808,997893,
47959199,43674650,4274741,10380,40260380,6602637,1000964,
48147373,43851335,4286159,10455,40429640,6618670,1003737,
48325978,44017012,4299008,10464,40589437,6634753,1006370,
48511871,44188838,4313107,10481,40754528,6651971,1009797,
48701562,44361330,4330379,10500,40913965,6678687,1013065,
48907465,44550617,4346917,10575,41090943,6704792,1016243,
49152751,44774236,4368782,10594,41306731,6730279,1020155,
49382750,44985991,4386810,10617,41510587,6752833,1023500,
49634132,45218122,4406136,10686,41735604,6775335,1027245,
49875726,45439791,4425974,10709,41946049,6802215,1031184,
50114077,45654656,4449139,10802,42152885,6827072,1035462,
50323745,45847628,4465882,10816,42341881,6845858,1038651,
50499456,46007062,4482142,10830,42495929,6863671,1042225,
50672817,46162299,4500160,10846,42643086,6885590,1046034,
50904072,46368151,4525769,10906,42843017,6913488,1050086,
51092176,46538093,4543235,10912,43005756,6934248,1053276,
51304904,46732947,4561730,10932,43189952,6960190,1057000,
51499612,46907270,4581895,11006,43354315,6985467,1061075,
51670555,47063779,4596222,11020,43495892,7010116,1065244,
51854379,47236064,4607755,11072,43648166,7037500,1069385,
52044516,47410677,4623289,11088,43803242,7067736,1073979,
52230096,47581572,4638024,11116,43953071,7098940,1078328,
52373689,47713356,4649707,11190,44070627,7121226,1081501,
52544333,47868565,4665070,11212,44205075,7152488,1086288,
52710459,48015564,4684308,11232,44340444,7178078,1091439,
52893719,48177833,4705156,11294,44488176,7209479,1095217,
53079386,48345134,4723458,11310,44637022,7241699,1099347,
53242332,48492738,4738772,11396,44772265,7265662,1102954,
53424926,48660892,4753189,11414,44923295,7293131,1106822,
53600162,48823096,4766213,11426,45066619,7319742,1111704,
53780654,48989351,4780262,11650,45199888,7362881,1115761,
53968077,49164642,4792208,11798,45353845,7392578,1119042,
54145911,49332614,4801966,11850,45507603,7412871,1122745,
54329000,49504876,4812754,11924,45658411,7440763,1126911,
54509380,49673560,4824423,11934,45799100,7476202,1130855,
54695172,49846398,4837388,11942,45950236,7506637,1134913,
54908190,50043701,4852957,12294,46133414,7533057,1138620,
55150683,50268297,4870867,12310,46346363,7558675,1142518,
55402280,50496325,4894248,12416,46567253,7584710,1146632,
55644041,50719651,4912710,12434,46775041,7614451,1151076,
55880531,50941069,4927886,12448,46982883,7638928,1154896,
56124926,51168755,4944106,12782,47184986,7676973,1158674,
56364765,51392422,4960281,12792,47397168,7700797,1162564,
56605902,51620883,4972924,12814,47597812,7736473,1167031,
56854842,51854200,4988488,12886,47808220,7769394,1172229,
57093042,52076993,5003868,12902,48012121,7798635,1176895,
57317536,52286524,5017946,13226,48196254,7832429,1182291,
57547281,52501719,5033054,13246,48392077,7862538,1186793,
57784595,52725716,5046282,13318,48592497,7894892,1191050,
58033824,52959297,5061896,13338,48799222,7932016,1196289,
58271950,53183529,5075751,13382,48992890,7970042,1202171,
58500511,53399201,5088706,13402,49184545,8001785,1206983,
58741336,53621756,5106885,13444,49391725,8030199,1211820,
58988220,53852366,5123093,13472,49601501,8062504,1216337,
59235403,54083225,5139328,13524,49812411,8093788,1220829,
59465043,54297775,5154389,13578,50004093,8125987,1226138,
59696517,54513401,5170233,13660,50188933,8166785,1231761,
59929780,54731798,5185067,13694,50371131,8211697,1237248,
60168059,54952016,5202254,13800,50560568,8253539,1242640,
60413347,55182158,5218064,13830,50766379,8288898,1247808,
60661483,55413449,5234864,13904,50974429,8323551,1252887,
60898329,55633643,5251321,13924,51179175,8351153,1257096,
61111740,55833938,5264577,13940,51363679,8375859,1260834,
61317050,56026722,5277011,14036,51541409,8400422,1264144,
61565572,56260290,5291854,14054,51757845,8428227,1267859,
61802636,56481452,5307918,14074,51962842,8456628,1271516,
62043964,56703243,5327290,14150,52162809,8493282,1275865,
62281135,56921553,5346185,14176,52360186,8527894,1280727,
62524540,57144393,5366646,14262,52566390,8560238,1285342,
62766399,57361171,5391818,14280,52770812,8592422,1290444,
63006574,57579763,5413282,14360,52975636,8623060,1294671,
63245751,57798337,5433782,14384,53180450,8652827,1298929,
63481755,58016966,5451046,14408,53387460,8677860,1302655,
63687911,58197437,5476818,14522,53561126,8706865,1306176,
63936654,58423243,5499541,14618,53773585,8738054,1310801,
64177028,58640352,5522728,14690,53978497,8768613,1315304,
64414005,58853563,5546566,14770,54175450,8803737,1320217,
64653840,59073715,5565829,15008,54370962,8840741,1326809,
64895842,59302288,5579130,15108,54557102,8890609,1332512,
65140755,59535476,5590815,15236,54754970,8932375,1337535,
65377162,59760994,5601661,15262,54949058,8969164,1342832,
65613973,59988698,5610440,15562,55139682,9009079,1348702,
65835146,60200588,5619840,15590,55319842,9045204,1353674,
66048039,60406673,5626448,15696,55497996,9075658,1357704,
66279851,60626399,5638369,15758,55685816,9113838,1362640,
66473417,60809451,5648690,15784,55845189,9143085,1366766,
66652951,60979289,5658110,16054,55990982,9172159,1371012,
66832338,61149492,5667309,16080,56136922,9200682,1375817,
67012084,61320977,5675479,16200,56284342,9228616,1379892,
67193088,61493250,5684154,16209,56428655,9260964,1383817,
67370117,61662175,5692227,16234,56574469,9287776,1387961,
67553143,61834291,5702964,16387,56721203,9319906,1391981,
67735882,62005175,5714909,16400,56869594,9350129,1395713,
67918155,62173844,5728479,16425,57026287,9372106,1399315,
68098799,62342767,5740156,16476,57181193,9394063,1402812,
68282054,62511151,5754986,16501,57336374,9417697,1407045,
68460843,62678444,5766382,16552,57487898,9441424,1410309,
68652849,62858401,5778470,16575,57650164,9467366,1414022,
68841793,63033231,5792513,16594,57809221,9493206,1417714,
69037239,63217264,5803894,16661,57974427,9519392,1421556,
69228865,63395888,5816823,16684,58139241,9542388,1425051,
69412197,63567955,5828099,16704,58296290,9565051,1428423,
69601331,63745339,5839784,16782,58459292,9587581,1431862,
69777569,63911430,5849882,16794,58602220,9617605,1434825,
69997238,64116972,5864094,16824,58779123,9656076,1439592,
70236959,64336724,5883333,16902,58972090,9694247,1445189,
70465843,64548473,5901158,16936,59158653,9733142,1450972,
70704892,64770080,5918468,17018,59353444,9771249,1456427,
70940378,64986980,5937074,17050,59550758,9804541,1461169,
71155629,65183698,5955371,17118,59723471,9841836,1465622,
71329879,65340054,5973247,17134,59865629,9870085,1469095,
71492233,65487894,5987189,17150,60002513,9890992,1472064,
71657652,65639984,6001088,17228,60142470,9914672,1475263,
71837956,65804336,6016887,17248,60293935,9939396,1478853,
72020094,65971832,6031594,17262,60444360,9967386,1482425,
72203225,66136839,6049054,17332,60592748,9996642,1485964,
72380531,66297978,6065700,17348,60743881,10020969,1489148,
72563139,66463466,6082311,17362,60896207,10045483,1493202,
72742377,66626468,6099125,17370,61051081,10068024,1496495,
72924263,66792064,6115439,17438,61203383,10093561,1500462,
73098393,66950913,6130568,17450,61342566,10123630,1504923,
73268801,67107429,6143860,17512,61478781,10152571,1508655,
73453246,67270657,6165704,17524,61629720,10182270,1513508,
73635818,67411155,6207824,17538,61783324,10206745,1518029,
73810422,67539708,6253713,17598,61929484,10230334,1522149,
73989065,67676872,6295185,17610,62079516,10254326,1526471,
74154745,67809291,6328458,17626,62214373,10280976,1530634,
74338300,67956850,6364364,17688,62361927,10312393,1534764,
74523852,68099416,6407401,17704,62515010,10339624,1539824,
74709985,68242003,6450925,17720,62667309,10368020,1544749,
74887619,68384657,6485871,17776,62811462,10398052,1548210,
75071959,68531576,6523213,17792,62963102,10425839,1552581,
75258583,68676768,6564557,17804,63116475,10454388,1556988,
75445495,68824402,6603787,17870,63270376,10483037,1560928,
75627741,68964747,6645704,17934,63424089,10507502,1564771,
75809690,69106147,6686217,17952,63578136,10531562,1568466,
75985393,69244075,6723947,17968,63725170,10556116,1572260,
76173319,69397463,6758449,18030,63876903,10588861,1575755,
76354031,69549662,6786914,18056,64030438,10612436,1579001,
76540783,69703824,6819503,18066,64193103,10633026,1582407,
76725070,69854485,6853068,18092,64353839,10652894,1585303,
76869221,69971619,6880091,18156,64480566,10667601,1587852,
77053258,70120521,6915193,18176,64643269,10686025,1590709,
77236049,70270609,6947845,18196,64804956,10703765,1593814,
77411529,70413858,6979463,18208,64953390,10726345,1596951,
77565571,70539893,7007402,18276,65078749,10750972,1600015,
77746567,70684499,7044488,18290,65231312,10777598,1604149,
77985003,70873828,7093620,18320,65432440,10809857,1608940,
78221117,71063367,7140265,18406,65630933,10842207,1614135,
78461907,71253434,7190836,18430,65830968,10876842,1619701,
78695669,71440613,7237348,18506,66021623,10914171,1624810,
78932392,71624399,7290213,18534,66217230,10949643,1630390,
79077985,71738822,7321376,18544,66333069,10975996,1633599,
79307802,71921796,7368219,18624,66519023,11014999,1638271,
79528889,72098698,7412204,18652,66703594,11046166,1643083,
79757950,72301994,7437977,18676,66893134,11080438,1648264,
80002016,72530140,7453840,18778,67095356,11116166,1653989,
80248044,72761694,7468243,18790,67300840,11151563,1658808,
80476760,72977524,7481084,18868,67493701,11182730,1663295,
80672761,73162886,7491507,18882,67657870,11209733,1666979,
80853120,73328668,7506052,18956,67807648,11236200,1670752,
81026752,73487974,7520342,18976,67945652,11267394,1675014,
81205961,73652759,7534780,19002,68090086,11297577,1679361,
81380267,73813293,7548353,19068,68226165,11330217,1684339,
81535025,73953157,7563293,19100,68343681,11362893,1689035,
81710910,74114180,7578051,19176,68472364,11405020,1693667,
81888249,74275458,7594179,19202,68606616,11443925,1697742,
82069189,74441203,7609107,19228,68747899,11478456,1702156,
82241170,74602388,7620022,19290,68893322,11501184,1706073,
82418071,74766385,7632895,19312,69040591,11526669,1709873,
82599828,74937354,7643626,19382,69193160,11551757,1713719,
82775034,75098717,7657499,19400,69338267,11576921,1718178,
82966519,75269677,7678034,19412,69495028,11607232,1722429,
83156689,75428919,7708967,19468,69656731,11631557,1726328,
83337694,75575232,7743578,19486,69805868,11658590,1730687,
83510979,75717380,7774700,19494,69944380,11689404,1734467,
83691799,75866276,7806558,19546,70094218,11716315,1738350,
83873849,76017996,7836880,19564,70246560,11741903,1742335,
84051840,76161027,7871962,19586,70396186,11766054,1746434,
84230139,76308670,7902442,19648,70544262,11790308,1751804,
84404990,76454411,7931544,19670,70688519,11816506,1755978,
84580139,76602989,7958042,19688,70830672,11845602,1759733,
84755922,76746652,7990139,19750,70969614,11878055,1763907,
84924972,76886511,8019281,19768,71104109,11907662,1768329,
85106453,77038865,8048458,19796,71256033,11932747,1772637,
85288538,77189356,8079906,19868,71407173,11959099,1776898,
85464504,77337876,8107389,19884,71549811,11988039,1781032,
85646766,77487681,8139874,19910,71690934,12023066,1786707,
85824983,77631756,8173882,19966,71828050,12058789,1791788,
85983807,77759947,8204429,19990,71948904,12091748,1796372,
86167402,77913944,8234057,20072,72103642,12116421,1800296,
86345673,78057631,8268535,20088,72250235,12143562,1804530,
86522645,78202034,8301139,20106,72398080,12168393,1808705,
86701810,78343333,8338845,20184,72545166,12196111,1812668,
86878932,78486110,8373299,20206,72690128,12224054,1816733,
87054669,78627440,8407618,20224,72831622,12253019,1821461,
87239070,78779463,8439803,20322,72983568,12279216,1826050,
87420386,78926497,8474171,20346,73133159,12304915,1830593,
87599078,79072312,8507022,20376,73278666,12332786,1835678,
87738241,79183647,8534728,20460,73386408,12359884,1839716,
87915382,79326499,8569015,20484,73521562,12396080,1844868,
88092932,79486679,8586189,20578,73660365,12429358,1849973,
88263785,79639226,8604574,20598,73788420,12466202,1855585,
88439149,79802047,8616980,20666,73918076,12506764,1860433,
88617332,79968287,8628845,20718,74046954,12550409,1865778,
88796480,80137943,8638406,20736,74190798,12580832,1870452,
88978613,80309311,8649027,20818,74344136,12605580,1874232,
89175077,80492985,8661975,20842,74510534,12631700,1878530,
89411142,80716897,8673973,20944,74703774,12668879,1883790,
89642864,80927389,8695229,20974,74889742,12707622,1890452,
89884394,81152483,8711604,21036,75100353,12733477,1895165,
90124809,81373147,8731296,21062,75301600,12766857,1900452,
90359165,81588471,8750336,21156,75487447,12809630,1905849,
90584624,81792949,8771187,21192,75672621,12843962,1911331,
90763843,81952687,8790452,21262,75816250,12874360,1915482,
90940456,82103159,8816354,21284,75961031,12900090,1920321,
91116932,82253651,8842450,21310,76103483,12930010,1924782,
91284208,82398346,8865089,21380,76235651,12960459,1929290,
91440830,82534703,8885295,21396,76353648,12994386,1933602,
91611837,82677999,8912826,21468,76490752,13022785,1938630,
91772565,82816513,8935235,21484,76616166,13053987,1942675,
91941786,82951925,8968955,21506,76750953,13083408,1947337,
92111821,83087418,9003456,21564,76886363,13112992,1952017,
92278452,83224466,9033010,21586,77019791,13141810,1956267,
92419362,83341370,9056804,21604,77133676,13164951,1959838,
92572460,83480746,9070593,21668,77261093,13187134,1963455,
92739585,83634265,9084139,21686,77397044,13213735,1967548,
92907693,83784870,9101593,21706,77522044,13252192,1971832,
93077538,83938700,9117613,21760,77658765,13281069,1976194,
93258962,84105484,9132220,21786,77811459,13305442,1980169,
93443672,84273497,9148899,21862,77959035,13337866,1984530,
93617572,84431494,9164180,21898,78091969,13372469,1989129,
93787257,84587008,9178841,21918,78230922,13399945,1993415,
93957685,84738704,9197530,21976,78367313,13429093,1998144,
94127398,84890268,9215737,22004,78503420,13457495,2002977,
94290923,85034981,9234387,22086,78631866,13486637,2008463,
94456701,85182202,9253085,22100,78762861,13516142,2013698,
94624072,85333355,9269103,22166,78888797,13551839,2018936,
94793590,85485522,9286452,22178,79019632,13585351,2023802,
94957686,85629623,9306347,22200,79142516,13620759,2029457,
95120891,85774175,9324936,22288,79273321,13648345,2033874,
95260893,85901011,9338121,22302,79390123,13668296,2036866,
95423089,86046292,9355020,22334,79523307,13693332,2040588,
95590572,86196642,9371991,22394,79660854,13719224,2044475,
95759141,86346723,9390578,22414,79795697,13748755,2048417,
95928120,86497964,9408106,22490,79934646,13774591,2052297,
96098500,86647827,9428630,22512,80076705,13798416,2056573,
96257908,86793721,9442113,22526,80207989,13822803,2060067,
96427585,86950405,9455133,22598,80354817,13842119,2063550,
96597081,87105962,9469071,22606,80501990,13860719,2067034,
96765492,87249325,9494002,22626,80638576,13888196,2070934,
96932256,87399490,9510601,22680,80774787,13913817,2074858,
97098169,87548478,9527514,22690,80911592,13939004,2079206,
97259254,87693401,9543554,22710,81027724,13978923,2083840,
97440370,87859076,9559243,22778,81169553,14013250,2089316,
97669530,88059451,9587996,22854,81354010,14050614,2096219,
97877322,88237922,9617306,22888,81525166,14081423,2101543,
98061438,88393250,9646030,22912,81677574,14107577,2106771,
98290123,88585910,9682044,23000,81865450,14142587,2112062,
98515100,88779127,9713712,23016,82052918,14174676,2117197,
98697721,88934012,9741163,23088,82201428,14203298,2121445,
98861399,89072457,9766393,23114,82326498,14236274,2126412,
99007438,89194561,9790304,23134,82440055,14263546,2131024,
99172266,89335275,9814279,23204,82577601,14285943,2135466,
99334419,89472058,9839692,23216,82708849,14312586,2139715,
99494853,89612180,9859896,23298,82835638,14342177,2143479,
99660525,89758403,9879248,23312,82976807,14362695,2147191,
99822457,89902636,9896992,23330,83116346,14381487,2150576,
99984499,90048308,9913313,23352,83253914,14402892,2153427,
100000159,90062089,9914678,23392,83265658,14404866,2153693,
100000159,90062089,9914678,23392,83265658,14404866,2153693,
100000159,90062089,9914678,23392,83265658,14404866,2153693,
100000159,90062089,9914678,23392,83265658,14404866,2153693,
100000159,90062089,9914678,23392,83265658,14404866,2153693,
100000159,90062089,9914678,23392,83265658,14404866,2153693,
100000159,90062089,9914678,23392,83265658,14404866,2153693,
100000159,90062089,9914678,23392,83265658,14404866,2153693,
100000159,90062089,9914678,23392,83265658,14404866,2153693,
100000159,90062089,9914678,23392,83265658,14404866,2153693,
100000159,90062089,9914678,23392,83265658,14404866,2153693,
100000159,90062089,9914678,23392,83265658,14404866,2153693,
100000159,90062089,9914678,23392,83265658,14404866,2153693,
100000159,90062089,9914678,23392,83265658,14404866,2153693,
100000159,90062089,9914678,23392,83265658,14404866,2153693,
100000159,90062089,9914678,23392,83265658,14404866,2153693,
100000159,90062089,9914678,23392,83265658,14404866,2153693,
100000159,90062089,9914678,23392,83265658,14404866,2153693,
100000159,90062089,9914678,23392,83265658,14404866,2153693,
100000159,90062089,9914678,23392,83265658,14404866,2153693,
100000159,90062089,9914678,23392,83265658,14404866,2153693,
100000159,90062089,9914678,23392,83265658,14404866,2153693,
100000159,90062089,9914678,23392,83265658,14404866,2153693,
100000159,90062089,9914678,23392,83265658,14404866,2153693,
100000160,90062089,9914678,23393,83265659,14404866,2153693,
100000161,90062089,9914678,23394,83265660,14404866,2153693,
100000162,90062089,9914678,23395,83265661,14404866,2153693,
100000163,90062089,9914678,23396,83265662,14404866,2153693,
100000164,90062089,9914678,23397,83265663,14404866,2153693,
100000165,90062089,9914678,23398,83265664,14404866,2153693,
100000166,90062089,9914678,23399,83265665,14404866,2153693,
100000167,90062089,9914678,23400,83265666,14404866,2153693,
100000168,90062089,9914678,23401,83265667,14404866,2153693,
100000169,90062089,9914678,23402,83265668,14404866,2153693,
100000170,90062089,9914678,23403,83265669,14404866,2153693,
100000171,90062089,9914678,23404,83265670,14404866,2153693,
100000171,90062089,9914678,23404,83265670,14404866,2153693,
100000171,90062089,9914678,23404,83265670,14404866,2153693,
100000171,90062089,9914678,23404,83265670,14404866,2153693,
100000171,90062089,9914678,23404,83265670,14404866,2153693,
100000171,90062089,9914678,23404,83265670,14404866,2153693,
100000171,90062089,9914678,23404,83265670,14404866,2153693,
100000171,90062089,9914678,23404,83265670,14404866,2153693,
100000171,90062089,9914678,23404,83265670,14404866,2153693,
100000171,90062089,9914678,23404,83265670,14404866,2153693,
100000171,90062089,9914678,23404,83265670,14404866,2153693,
100000171,90062089,9914678,23404,83265670,14404866,2153693,
100000171,90062089,9914678,23404,83265670,14404866,2153693,
100000171,90062089,9914678,23404,83265670,14404866,2153693,
100000171,90062089,9914678,23404,83265670,14404866,2153693,
100000171,90062089,9914678,23404,83265670,14404866,2153693,
100000171,90062089,9914678,23404,83265670,14404866,2153693,
100000171,90062089,9914678,23404,83265670,14404866,2153693,
100000171,90062089,9914678,23404,83265670,14404866,2153693,
100000171,90062089,9914678,23404,83265670,14404866,2153693,
100000171,90062089,9914678,23404,83265670,14404866,2153693,
100000171,90062089,9914678,23404,83265670,14404866,2153693,
100000171,90062089,9914678,23404,83265670,14404866,2153693,
100000171,90062089,9914678,23404,83265670,14404866,2153693,
100000171,90062089,9914678,23404,83265670,14404866,2153693,
100000171,90062089,9914678,23404,83265670,14404866,2153693,
